2
2
2
2
2
2
2
2
2
2
2
2
2
2
2
2
2
2
2
2
2
2
2
2
2
2
2
2
2
2
2
2
3
2
2
2
2
3
2
2
2
2
2
2
2
2
2
2
2
2
2
2
2
2
3
3
2
2
2
2
2
3
2
2
3
2
2
2
2
2
2
2
2
2
2
2
2
2
2
2
2
2
3
2
2
3
3
2
2
2
2
2
2
2
2
2
3
2
2
2
2
2
3
3
2
2
2
2
2
2
3
3
3
2
4
2
2
2
2
2
2
2
2
2
3
2
4
2
3
4
2
2
3
2
2
2
2
5
2
2
2
2
3
2
2
2
2
2
2
3
3
3
2
2
4
2
2
2
3
3
2
2
2
2
2
3
4
2
2
2
2
3
2
2
3
2
2
2
2
2
5
3
3
2
2
2
3
5
3
2
2
2
2
2
2
3
2
2
2
2
2
2
2
3
3
3
3
2
5
2
2
3
2
3
3
3
2
2
2
3
4
2
2
2
2
3
2
3
3
2
4
5
2
4
2
2
2
2
2
2
2
2
4
2
3
3
3
2
2
3
3
2
4
2
3
3
3
2
4
2
2
3
2
4
2
5
2
5
2
2
2
2
4
4
3
4
2
5
4
3
3
5
2
2
2
8
2
3
3
2
3
3
2
3
2
3
4
2
3
3
2
2
3
2
2
2
2
2
2
3
2
3
2
2
4
2
4
3
2
4
2
2
2
2
2
2
9
2
2
2
4
2
6
5
2
2
3
3
2
3
3
2
3
3
5
2
2
2
2
3
2
4
2
2
2
3
4
2
3
2
2
3
2
2
2
3
2
2
2
3
3
3
2
3
2
2
5
3
5
4
3
2
2
4
4
2
2
3
3
2
3
4
2
3
3
2
14
2
3
3
4
2
2
3
2
9
4
3
4
3
3
5
5
2
2
2
3
5
4
2
2
3
2
2
3
2
11
2
6
2
3
5
2
3
2
2
4
2
3
2
3
4
2
2
2
3
4
2
9
5
3
4
10
2
5
5
2
2
12
2
3
5
5
6
3
4
10
4
7
6
8
4
6
4
2
11
3
5
6
5
5
3
2
5
4
3
6
2
2
3
2
4
2
2
2
11
11
2
5
2
6
2
5
2
4
5
5
3
4
2
3
5
2
5
2
4
2
4
3
2
6
3
2
3
4
9
2
2
2
3
2
2
6
4
3
8
5
2
4
6
2
6
2
3
2
6
12
2
4
7
3
3
2
2
2
3
3
2
4
2
6
3
3
3
5
2
9
4
4
3
3
3
13
3
4
4
8
4
7
2
2
3
2
6
8
4
9
4
2
7
3
2
14
3
3
12
3
2
7
7
3
2
3
7
8
3
3
6
4
3
12
9
5
12
5
2
2
3
6
5
2
2
9
3
8
2
5
5
2
6
2
6
3
2
2
3
12
4
5
2
2
7
12
5
2
2
3
4
2
13
2
3
4
5
2
2
5
8
4
3
3
2
3
2
3
6
7
3
3
5
3
17
12
2
2
2
4
4
2
2
5
4
3
5
2
9
8
3
4
7
5
13
2
10
11
5
7
6
4
6
3
4
6
4
2
5
8
2
8
4
9
4
4
13
2
4
15
2
2
10
3
8
3
8
13
5
7
4
4
3
8
2
7
10
18
4
16
2
2
4
2
7
8
10
4
6
3
3
3
9
5
2
5
10
10
6
12
6
4
8
3
3
3
2
5
10
2
10
8
5
3
4
3
3
3
2
6
2
5
3
8
16
2
19
12
8
3
2
5
2
2
2
6
7
10
14
7
6
3
2
7
6
3
5
7
2
6
3
6
35
3
4
2
6
2
2
9
3
11
3
5
14
17
15
9
7
5
2
8
2
6
8
10
3
6
2
4
2
3
3
2
6
2
8
7
8
5
23
2
7
2
6
2
2
2
16
8
3
6
10
3
2
10
5
20
2
4
8
2
8
2
11
4
6
53
2
5
27
2
4
2
5
7
26
7
5
3
4
26
3
5
2
6
6
7
12
9
3
3
16
9
13
17
10
7
2
7
2
3
17
2
4
5
4
3
8
20
3
29
2
4
3
2
2
22
2
27
15
23
7
29
2
40
3
9
66
62
61
2
6
8
21
4
7
61
4
3
10
2
14
10
2
5
2
15
10
9
14
65
8
4
80
14
5
7
18
7
8
2
2
2
8
4
3
15
16
9
17
15
4
29
2
6
4
75
9
2
2
19
6
4
21
9
5
9
2
30
23
15
7
2
2
9
7
2
8
21
8
67
7
22
12
4
66
2
24
